0.00000000 0.49729326 -0.11235352 0.06509372 0.04652249 0.83869994 0.22721885 0.49273690
2.00000000 0.49954554 -0.19766083 0.06886150 0.21435683 0.75135007 0.08761335 0.61793861
3.00000000 0.46591833 -0.21305606 -0.00096878 0.18039536 0.89925123 0.04002270 0.39648825
4.00000000 0.44985846 -0.37875223 -0.14854285 0.06891198 0.96472912 0.15061733 0.20460517
6.00000000 0.30194461 -0.29022339 -0.09768135 -0.24255213 0.90103496 -0.14284728 -0.32999867
7.00000000 0.26659951 -0.26025954 -0.07582407 -0.20926478 0.83928985 0.03338715 -0.50068562
8.00000000 0.28432375 -0.16608754 0.02524302 -0.11293198 0.77075584 0.22190036 -0.58646571
9.00000000 0.31394750 -0.06563400 0.02852124 -0.03013519 0.81109781 0.44351231 -0.38014345
10.00000000 0.22247000 -0.04341955 0.22384575 -0.10524981 -0.54162497 -0.44256781 0.70689363
11.00000000 0.39830229 -0.14745373 0.01548425 0.17139698 -0.43690517 -0.14468876 0.87109248
12.00000000 0.46284696 -0.33125749 -0.02611078 0.35208860 -0.29424578 -0.04670137 0.88728351
13.00000000 0.60656768 -0.34803188 0.13521338 0.36219021 -0.03191234 0.01107990 0.93149186
14.00000000 0.41979530 -0.17665535 0.02909824 0.24554824 0.23925575 0.03970350 0.93855548
15.00000000 0.70535880 -0.12663069 0.15398240 0.08895282 -0.02773132 -0.01727163 0.99549991
16.00000000 0.60467583 -0.15927285 0.43375570 -0.29471535 -0.04940939 -0.01862015 0.95412518
17.00000000 0.29929551 0.02395767 0.30608767 -0.01042108 0.29801843 0.33050027 0.89545854
18.00000000 0.85709894 -0.17520073 0.20671284 -0.25208885 0.15787065 0.16814449 0.93981674
20.00000000 0.70138109 -0.23809069 -0.06222710 0.26935603 0.48298802 0.00212608 0.83316588
21.00000000 0.81736469 -0.16327927 0.17454770 0.01256837 0.03935714 0.02152997 0.99891417
22.00000000 0.48940662 -0.09738687 0.21254328 -0.10678218 -0.33335197 -0.19532104 0.91614613
23.00000000 0.40825355 0.11203853 0.03630524 0.08442031 0.72152300 0.58547595 -0.35985509
24.00000000 0.55753767 0.01980641 0.08520378 -0.09857881 0.77336966 0.54785573 0.30337383
25.00000000 0.74299610 -0.00600390 -0.02851263 -0.07221858 0.88878560 0.40468988 0.20265914
26.00000000 0.75711584 -0.15790075 -0.02432594 0.00471575 0.96676202 0.20994513 0.14584923
27.00000000 0.46586522 -0.15418994 -0.02729748 -0.02820354 0.96211927 0.21847805 -0.16061884
28.00000000 0.05630047 0.09974449 -0.07119162 0.01468893 0.81474363 0.45342864 -0.36108105
29.00000000 -0.04592769 0.15794620 -0.23076397 -0.03870617 0.79728769 0.55483836 0.23449642
30.00000000 -0.10824811 0.19847763 -0.25892571 -0.04377942 0.76315280 0.29443821 0.57357415
31.00000000 -0.12463316 0.21604517 0.05576263 0.07006553 0.98509200 0.15367007 0.03271219
32.00000000 -0.22653438 0.06804071 0.05820822 0.04897345 0.49170944 0.83295274 0.24902442
33.00000000 -0.18891960 -0.01496110 -0.01006052 -0.11613314 0.15106296 0.07848638 0.97853613
34.00000000 -0.19473203 -0.11399229 -0.11660390 0.13995267 0.14108048 0.03567533 0.97940636
35.00000000 -0.20091578 -0.16910648 -0.18453926 0.42099019 0.01324374 -0.02471473 0.90663170
37.00000000 -0.30177906 -0.13507903 -0.04835474 0.08253962 -0.51014377 -0.11565548 0.84827139
38.00000000 -0.10925715 -0.07396601 0.10650670 0.03271660 -0.58385256 -0.22937268 0.77809638
39.00000000 -0.57780755 0.09502562 -0.17867103 -0.02837181 -0.38156983 -0.23063040 0.89465587
40.00000000 -1.05086315 0.06487193 -0.26565206 -0.12905679 0.20046140 0.14441824 0.96036605
41.00000000 -1.04781258 -0.01643544 -0.30283594 0.15916748 0.18508637 0.06608034 0.96749271
42.00000000 -1.08972991 -0.26765192 -0.40332997 0.15850730 0.17010414 0.04859988 0.97137947
43.00000000 -1.14694619 -0.07917528 -0.25275081 0.40933411 -0.04756685 0.00262850 0.91113999
44.00000000 -1.20098066 -0.01491763 -0.20179594 0.03313330 -0.05680400 -0.04394620 0.99686720
45.00000000 -1.38650560 0.09371623 -0.20065311 -0.20206892 0.23912342 0.08866689 0.94558253
46.00000000 -1.31731391 0.33387867 -0.39959502 -0.01786152 0.26640187 0.45046525 0.85193431
47.00000000 -1.18450487 0.09691110 -0.32674682 0.01892126 0.52481089 0.23639872 0.81751524
48.00000000 -1.13907897 0.08952444 -0.39564475 0.03321014 0.72908489 0.24558349 0.63798202
49.00000000 -1.15420103 -0.06164112 -0.45609587 0.14662310 0.81193213 0.13391350 0.54893994
50.00000000 -1.19802451 -0.01684984 -0.44657594 0.05962649 0.94121136 0.15614609 0.29357155
51.00000000 -1.20288742 0.11325213 -0.46902823 -0.04297012 0.87625167 0.38927438 0.28071702
52.00000000 -1.28490293 0.14334577 -0.34131560 -0.09236411 0.77593270 0.51920869 0.34614976
53.00000000 -1.27070343 0.50551796 -0.12271563 -0.06524670 0.84458687 0.47446450 0.23937278
54.00000000 -1.51152492 0.34871271 -0.33807886 0.48138119 0.59714656 0.49362975 -0.40989975
55.00000000 -1.44629908 0.12796327 -0.35392100 -0.05974369 0.91818032 0.39148279 -0.01080829
56.00000000 -1.17064524 -0.03687033 -0.38484752 -0.06398138 0.98483714 0.13535471 -0.08764299
57.00000000 -1.24084318 -0.12442341 -0.33986846 -0.17788964 0.95566398 -0.18364346 -0.14607093
58.00000000 -1.27411032 -0.08805889 -0.41028541 -0.36465545 0.70293868 -0.07188452 -0.60641259
59.00000000 -1.38382995 0.04366333 -0.34409201 0.13938825 -0.51455216 -0.28932209 0.79504699
60.00000000 -1.42131543 0.18492660 -0.21096209 -0.14336852 -0.35667830 -0.36933415 0.84606049
61.00000000 -1.24206722 0.08084554 -0.18347603 -0.16957444 0.01154429 -0.03484551 0.98483350
62.00000000 -1.21732450 0.12287610 -0.26898324 -0.11178926 0.55551864 0.31186436 0.76265511
